0.007425 , 25000 
0.000918 , 50000 
0.001183 , 75000 
0.002250 , 100000 
0.001091 , 125000 
0.000652 , 150000 
0.001285 , 175000 
0.001136 , 200000 
0.001938 , 225000 
0.001039 , 250000 
0.001151 , 275000 
0.004164 , 300000 
0.004708 , 325000 
0.003678 , 350000 
0.004172 , 375000 
0.007978 , 400000 
0.001318 , 425000 
0.004143 , 450000 
0.008585 , 475000 
0.001645 , 500000 
0.009856 , 525000 
0.003897 , 550000 
0.001042 , 575000 
0.007335 , 600000 
0.005207 , 625000 
0.011150 , 650000 
0.002672 , 675000 
0.010377 , 700000 
0.007562 , 725000 
0.002742 , 750000 
0.002678 , 775000 
0.019918 , 800000 
0.004345 , 825000 
0.003800 , 850000 
0.004784 , 875000 
0.004475 , 900000 
0.014596 , 925000 
0.014300 , 950000 
0.005104 , 975000 
0.006565 , 1000000 
0.006886 , 1025000 
0.004886 , 1050000 
0.002176 , 1075000 
0.041561 , 1100000 
0.005618 , 1125000 
0.011120 , 1150000 
0.008303 , 1175000 
0.004589 , 1200000 
0.007492 , 1225000 
0.014083 , 1250000 
0.003422 , 1275000 
0.021676 , 1300000 
0.011249 , 1325000 
0.044011 , 1350000 
0.002313 , 1375000 
0.007572 , 1400000 
0.002057 , 1425000 
0.008702 , 1450000 
0.005522 , 1475000 
0.024507 , 1500000 
0.011718 , 1525000 
0.007756 , 1550000 
0.015775 , 1575000 
0.010976 , 1600000 
0.023390 , 1625000 
0.031339 , 1650000 
0.003811 , 1675000 
0.004707 , 1700000 
0.052348 , 1725000 
0.016987 , 1750000 
0.015516 , 1775000 
0.002757 , 1800000 
0.018129 , 1825000 
0.005663 , 1850000 
0.006810 , 1875000 
0.010628 , 1900000 
0.046268 , 1925000 
0.006318 , 1950000 
0.021055 , 1975000 
0.030312 , 2000000 
0.006918 , 2025000 
0.019611 , 2050000 
0.005756 , 2075000 
0.006310 , 2100000 
0.063631 , 2125000 
0.036749 , 2150000 
0.004825 , 2175000 
0.039413 , 2200000 
0.007527 , 2225000 
0.041450 , 2250000 
0.014962 , 2275000 
0.020354 , 2300000 
0.038773 , 2325000 
0.019423 , 2350000 
0.016135 , 2375000 
0.006343 , 2400000 
0.037819 , 2425000 
0.012924 , 2450000 
0.011413 , 2475000 
0.040531 , 2500000 
0.013723 , 2525000 
0.055619 , 2550000 
0.006982 , 2575000 
0.011455 , 2600000 
0.040599 , 2625000 
0.018204 , 2650000 
0.100697 , 2675000 
0.015061 , 2700000 
0.042923 , 2725000 
0.018684 , 2750000 
0.013718 , 2775000 
0.017585 , 2800000 
0.021378 , 2825000 
0.034453 , 2850000 
0.037311 , 2875000 
0.029683 , 2900000 
0.311401 , 2925000 
0.031843 , 2950000 
0.007971 , 2975000 
0.018163 , 3000000 
0.024232 , 3025000 
0.008715 , 3050000 
0.010691 , 3075000 
0.027191 , 3100000 
0.043714 , 3125000 
0.122663 , 3150000 
0.013417 , 3175000 
0.014152 , 3200000 
0.152611 , 3225000 
0.010841 , 3250000 
0.023666 , 3275000 
0.026171 , 3300000 
0.016846 , 3325000 
0.098107 , 3350000 
0.025168 , 3375000 
0.009367 , 3400000 
0.051520 , 3425000 
0.035629 , 3450000 
0.112033 , 3475000 
0.031686 , 3500000 
0.024277 , 3525000 
0.049385 , 3550000 
0.060928 , 3575000 
0.030099 , 3600000 
0.017576 , 3625000 
0.029514 , 3650000 
0.020073 , 3675000 
0.079814 , 3700000 
0.039680 , 3725000 
0.012843 , 3750000 
0.011472 , 3775000 
0.008428 , 3800000 
0.013598 , 3825000 
0.046764 , 3850000 
0.028691 , 3875000 
0.038619 , 3900000 
0.029458 , 3925000 
0.044829 , 3950000 
0.013268 , 3975000 
0.025856 , 4000000 
0.085715 , 4025000 
0.036479 , 4050000 
0.116810 , 4075000 
0.073168 , 4100000 
0.033230 , 4125000 
0.061875 , 4150000 
0.138717 , 4175000 
0.030143 , 4200000 
0.049441 , 4225000 
0.141525 , 4250000 
0.016254 , 4275000 
0.016452 , 4300000 
0.027626 , 4325000 
0.042736 , 4350000 
0.027040 , 4375000 
0.014930 , 4400000 
0.144381 , 4425000 
0.055545 , 4450000 
0.008788 , 4475000 
0.017414 , 4500000 
0.024123 , 4525000 
0.016475 , 4550000 
0.020022 , 4575000 
0.045131 , 4600000 
0.026526 , 4625000 
0.031314 , 4650000 
0.036380 , 4675000 
0.033206 , 4700000 
0.012476 , 4725000 
0.031734 , 4750000 
0.011102 , 4775000 
0.044711 , 4800000 
0.018683 , 4825000 
0.110129 , 4850000 
0.018778 , 4875000 
0.069938 , 4900000 
0.134885 , 4925000 
0.059452 , 4950000 
0.032855 , 4975000 
0.007409 , 5000000 
0.042469 , 5025000 
0.039292 , 5050000 
0.076686 , 5075000 
0.039437 , 5100000 
0.048640 , 5125000 
0.122385 , 5150000 
0.049075 , 5175000 
0.034206 , 5200000 
0.251891 , 5225000 
0.020044 , 5250000 
0.023844 , 5275000 
0.058032 , 5300000 
0.024556 , 5325000 
0.029848 , 5350000 
0.045794 , 5375000 
0.032024 , 5400000 
0.049480 , 5425000 
0.049504 , 5450000 
0.017946 , 5475000 
0.030529 , 5500000 
0.035737 , 5525000 
0.012968 , 5550000 
0.028104 , 5575000 
0.070277 , 5600000 
0.028762 , 5625000 
0.025041 , 5650000 
0.039514 , 5675000 
0.092002 , 5700000 
0.016127 , 5725000 
0.051588 , 5750000 
0.005514 , 5775000 
0.024717 , 5800000 
0.007357 , 5825000 
0.023779 , 5850000 
0.051103 , 5875000 
0.061493 , 5900000 
0.065245 , 5925000 
0.046161 , 5950000 
0.014297 , 5975000 
0.047988 , 6000000 
0.040723 , 6025000 
0.020629 , 6050000 
0.031200 , 6075000 
0.027403 , 6100000 
0.020006 , 6125000 
0.024129 , 6150000 
0.032867 , 6175000 
0.014190 , 6200000 
0.018644 , 6225000 
0.024509 , 6250000 
0.187858 , 6275000 
0.015369 , 6300000 
0.034338 , 6325000 
0.007134 , 6350000 
0.033815 , 6375000 
0.030388 , 6400000 
0.029174 , 6425000 
0.049228 , 6450000 
0.014625 , 6475000 
0.059866 , 6500000 
0.026735 , 6525000 
0.049705 , 6550000 
0.033483 , 6575000 
0.050648 , 6600000 
0.022575 , 6625000 
0.021793 , 6650000 
0.067801 , 6675000 
0.028926 , 6700000 
0.031386 , 6725000 
0.119034 , 6750000 
0.062361 , 6775000 
0.051545 , 6800000 
0.060252 , 6825000 
0.008105 , 6850000 
0.023896 , 6875000 
0.018076 , 6900000 
0.032101 , 6925000 
0.012083 , 6950000 
0.016511 , 6975000 
0.023092 , 7000000 
0.014086 , 7025000 
0.090971 , 7050000 
0.034758 , 7075000 
0.016264 , 7100000 
0.019567 , 7125000 
0.031998 , 7150000 
0.016159 , 7175000 
0.032973 , 7200000 
0.034019 , 7225000 
0.037046 , 7250000 
0.014437 , 7275000 
0.060782 , 7300000 
0.017218 , 7325000 
0.040692 , 7350000 
0.064601 , 7375000 
0.038153 , 7400000 
0.043479 , 7425000 
0.015262 , 7450000 
0.019395 , 7475000 
0.026407 , 7500000 
0.008469 , 7525000 
0.016192 , 7550000 
0.011640 , 7575000 
0.037994 , 7600000 
0.073048 , 7625000 
0.018833 , 7650000 
0.027303 , 7675000 
0.040890 , 7700000 
0.019671 , 7725000 
0.016580 , 7750000 
0.006694 , 7775000 
0.022782 , 7800000 
0.107720 , 7825000 
0.014455 , 7850000 
0.018510 , 7875000 
0.032731 , 7900000 
0.047291 , 7925000 
0.029655 , 7950000 
0.073068 , 7975000 
0.126346 , 8000000 
0.028622 , 8025000 
0.052154 , 8050000 
0.022163 , 8075000 
0.011355 , 8100000 
0.029705 , 8125000 
0.010836 , 8150000 
0.006711 , 8175000 
0.023296 , 8200000 
0.162196 , 8225000 
0.315780 , 8250000 
0.044471 , 8275000 
0.014514 , 8300000 
0.015706 , 8325000 
0.043461 , 8350000 
0.067553 , 8375000 
0.045305 , 8400000 
0.021790 , 8425000 
0.049856 , 8450000 
0.017682 , 8475000 
0.045798 , 8500000 
0.027360 , 8525000 
0.017320 , 8550000 
0.021211 , 8575000 
0.029263 , 8600000 
0.028083 , 8625000 
0.030919 , 8650000 
0.029097 , 8675000 
0.006726 , 8700000 
0.124345 , 8725000 
0.051225 , 8750000 
0.085504 , 8775000 
0.007192 , 8800000 
0.013868 , 8825000 
0.027324 , 8850000 
0.046879 , 8875000 
0.046586 , 8900000 
0.078269 , 8925000 
0.013755 , 8950000 
0.028745 , 8975000 
0.025502 , 9000000 
0.013761 , 9025000 
0.037046 , 9050000 
0.025071 , 9075000 
0.045644 , 9100000 
0.046515 , 9125000 
0.030830 , 9150000 
0.082937 , 9175000 
0.019407 , 9200000 
0.039995 , 9225000 
0.011767 , 9250000 
0.060538 , 9275000 
0.024808 , 9300000 
0.060069 , 9325000 
0.014275 , 9350000 
0.055467 , 9375000 
0.024254 , 9400000 
0.017011 , 9425000 
0.066387 , 9450000 
0.029687 , 9475000 
0.012388 , 9500000 
0.027472 , 9525000 
0.033094 , 9550000 
0.295667 , 9575000 
0.052500 , 9600000 
0.083158 , 9625000 
0.042417 , 9650000 
0.013408 , 9675000 
0.029207 , 9700000 
0.023825 , 9725000 
0.092059 , 9750000 
0.008624 , 9775000 
0.029001 , 9800000 
0.018032 , 9825000 
0.013946 , 9850000 
0.031573 , 9875000 
0.015926 , 9900000 
0.015116 , 9925000 
0.016157 , 9950000 
0.130268 , 9975000 
